4304255481993
9775617939758
14630324095216
14702172580969
19531262953322
26149030824665
26763909424540
27266464452052
27357815246018
27569738180889
29461370586860
34485993043757
34558399014972
41557827114547
42915113382212
46839400053150
48114640131162
52023795004871
53441886468048
55469198119727
56994410188307
57131983399832
64105424497366
66599908099832
68653197503792
72109154356082
85848506787787
86526600818016
87483244181248
91660342400641
102919322346198
112773595902821
114309858677333
125687442692275
130532423585673
130525464434455
132314970436046
134077282824391
139935569967687
144339854095728
146930535207762
147121292851839
149432090161979
153675776779997
154239366485071
154524813381827
161537901213528
164053631603771
173969138612751
179216385702918
185547693453410
188724440921626
189667985241937
195367562974222
196868091626221
197687357261536
201468349845744
213656166645967
214686855959179
215016316076210
215489676382068
217656600380761
217688116698540
218464964128826
218965861395137
227797601143725
232812132761141
239855745902925
250269624613951
250569150938770
255297725860234
259514343037402
263536810302588
266001098758357
270157043850490
270781241103594
271613077358771
272089571788139
276643899322216
279136381624101
279451442520373